0 0.14330218068535824 0.8859416445623343 0.01557632398753894 0.10079575596816977
0 0.404595015576324 0.5119363395225465 0.03348909657320872 0.04774535809018567
0 0.12305295950155763 0.8806366047745358 0.014018691588785047 0.09018567639257294
0 0.09579439252336448 0.08620689655172414 0.014018691588785047 0.09283819628647215
0 0.021806853582554516 0.5053050397877984 0.03115264797507788 0.04509283819628647
0 0.2266355140186916 0.6671087533156499 0.01557632398753894 0.09283819628647215
0 0.3718847352024922 0.2838196286472148 0.030373831775700934 0.042440318302387266
0 0.41939252336448596 0.23607427055702918 0.02881619937694704 0.04774535809018567
0 0.3835669781931464 0.22811671087533156 0.027258566978193146 0.042440318302387266
0 0.34657320872274144 0.22281167108753316 0.029595015576323987 0.04774535809018567
0 0.7324766355140186 0.3090185676392573 0.03348909657320872 0.050397877984084884
0 0.6931464174454829 0.2891246684350133 0.0264797507788162 0.042440318302387266
0 0.5420560747663551 0.3183023872679045 0.029595015576323987 0.04774535809018567
0 0.4338006230529595 0.35013262599469497 0.029595015576323987 0.04774535809018567
0 0.6530373831775701 0.28116710875331563 0.027258566978193146 0.042440318302387266
0 0.6214953271028038 0.27851458885941643 0.024922118380062305 0.042440318302387266
0 0.5899532710280374 0.27586206896551724 0.02881619937694704 0.042440318302387266
0 0.544392523364486 0.2625994694960212 0.029595015576323987 0.042440318302387266
0 0.8925233644859814 0.20291777188328913 0.012461059190031152 0.09283819628647215
0 0.8956386292834891 0.10212201591511937 0.014018691588785047 0.08222811671087533
0 0.8368380062305296 0.15119363395225463 0.0132398753894081 0.10079575596816977
0 0.8399532710280374 0.03580901856763926 0.010124610591900311 0.07161803713527852
0 0.963006230529595 0.5464190981432361 0.031931464174454825 0.058355437665782495
0 0.8648753894080997 0.6604774535809018 0.030373831775700934 0.06896551724137931
0 0.3352803738317757 0.629973474801061 0.031931464174454825 0.04509283819628647
0 0.3711059190031153 0.6273209549071618 0.030373831775700934 0.03978779840848806
0 0.43146417445482865 0.6193633952254642 0.0264797507788162 0.03978779840848806
0 0.46534267912772587 0.6246684350132626 0.027258566978193146 0.03978779840848806
0 0.5027258566978193 0.629973474801061 0.02570093457943925 0.050397877984084884
0 0.5432242990654206 0.6405835543766578 0.031931464174454825 0.04509283819628647
0 0.5774922118380063 0.6485411140583555 0.02570093457943925 0.04509283819628647
0 0.6199376947040498 0.6538461538461539 0.0264797507788162 0.04509283819628647
0 0.647196261682243 0.6578249336870027 0.018691588785046728 0.042440318302387266
0 0.67601246105919 0.6671087533156499 0.03271028037383177 0.04509283819628647
0 0.7169003115264797 0.6763925729442971 0.030373831775700934 0.04774535809018567
0 0.7877725856697819 0.6909814323607427 0.024143302180685357 0.04509283819628647