0 0.7546728971962616 0.5543766578249337 0.03115264797507788 0.04774535809018567
0 0.11954828660436137 0.8806366047745358 0.011682242990654205 0.09018567639257294
0 0.025311526479750778 0.2506631299734748 0.02570093457943925 0.03978779840848806
0 0.09228971962616822 0.1312997347480106 0.019470404984423675 0.09814323607427056
0 0.11721183800623053 0.04111405835543767 0.0132398753894081 0.08222811671087533
0 0.021417445482866043 0.5039787798408488 0.02881619937694704 0.042440318302387266
0 0.25 0.6750663129973474 0.018691588785046728 0.10875331564986737
0 0.21105919003115264 0.39920424403183025 0.01557632398753894 0.09814323607427056
0 0.3356697819314642 0.27586206896551724 0.03115264797507788 0.042440318302387266
0 0.41238317757009346 0.23474801061007958 0.02881619937694704 0.04509283819628647
0 0.37616822429906543 0.22679045092838196 0.0264797507788162 0.04509283819628647
0 0.3395638629283489 0.22015915119363394 0.028037383177570093 0.042440318302387266
0 0.7231308411214953 0.3076923076923077 0.030373831775700934 0.04774535809018567
0 0.6834112149532711 0.2891246684350133 0.02570093457943925 0.04774535809018567
0 0.38006230529595014 0.28514588859416445 0.028037383177570093 0.04509283819628647
0 0.34890965732087226 0.33156498673740054 0.028037383177570093 0.042440318302387266
0 0.6448598130841121 0.27984084880636606 0.0264797507788162 0.04509283819628647
0 0.6137071651090342 0.27453580901856767 0.024922118380062305 0.03978779840848806
0 0.5821651090342679 0.2718832891246684 0.030373831775700934 0.03978779840848806
0 0.5366043613707165 0.2612732095490716 0.029595015576323987 0.03978779840848806
0 0.882398753894081 0.1976127320954907 0.012461059190031152 0.08753315649867374
0 0.8839563862928349 0.10212201591511937 0.012461059190031152 0.07692307692307693
0 0.588006230529595 0.3793103448275862 0.03115264797507788 0.04774535809018567
0 0.6954828660436138 0.4204244031830239 0.0264797507788162 0.04509283819628647
0 0.794392523364486 0.46419098143236076 0.03582554517133956 0.058355437665782495
0 0.911993769470405 0.5344827586206896 0.03271028037383177 0.05570291777188329
0 0.8660436137071651 0.6737400530503979 0.028037383177570093 0.07427055702917772
0 0.3294392523364486 0.629973474801061 0.029595015576323987 0.03978779840848806
0 0.36565420560747663 0.6259946949602122 0.027258566978193146 0.042440318302387266
0 0.42601246105919005 0.6206896551724138 0.0264797507788162 0.042440318302387266
0 0.4583333333333333 0.623342175066313 0.027258566978193146 0.04774535809018567
0 0.4957165109034268 0.629973474801061 0.024143302180685357 0.04509283819628647
0 0.536993769470405 0.6392572944297082 0.030373831775700934 0.042440318302387266
0 0.5712616822429907 0.6472148541114059 0.02570093457943925 0.04774535809018567
0 0.6140965732087228 0.6538461538461539 0.024143302180685357 0.03978779840848806
0 0.6409657320872274 0.6538461538461539 0.018691588785046728 0.03978779840848806
0 0.6701713395638629 0.6618037135278515 0.030373831775700934 0.04509283819628647
0 0.7098909657320872 0.6737400530503979 0.030373831775700934 0.04774535809018567
0 0.7807632398753894 0.6923076923076923 0.024143302180685357 0.04774535809018567