0 0.4279595015576324 0.5159151193633952 0.03348909657320872 0.04509283819628647
0 0.12305295950155763 0.8806366047745358 0.012461059190031152 0.09018567639257294
0 0.09579439252336448 0.09681697612732096 0.014018691588785047 0.09814323607427056
0 0.021806853582554516 0.506631299734748 0.03115264797507788 0.042440318302387266
0 0.2219626168224299 0.5517241379310345 0.014018691588785047 0.09018567639257294
0 0.2371495327102804 0.9641909814323607 0.014797507788161994 0.06631299734748011
0 0.3648753894080997 0.28116710875331563 0.031931464174454825 0.042440318302387266
0 0.41939252336448596 0.23607427055702918 0.030373831775700934 0.04774535809018567
0 0.382398753894081 0.22811671087533156 0.024922118380062305 0.042440318302387266
0 0.345404984423676 0.22015915119363394 0.030373831775700934 0.05305039787798409
0 0.7316978193146417 0.3103448275862069 0.03348909657320872 0.04774535809018567
0 0.6919781931464174 0.29045092838196285 0.027258566978193146 0.050397877984084884
0 0.5241433021806854 0.3156498673740053 0.029595015576323987 0.04774535809018567
0 0.4217289719626168 0.34615384615384615 0.030373831775700934 0.04509283819628647
0 0.6526479750778816 0.28249336870026526 0.028037383177570093 0.04509283819628647
0 0.6207165109034268 0.27586206896551724 0.024922118380062305 0.042440318302387266
0 0.5899532710280374 0.27453580901856767 0.030373831775700934 0.03978779840848806
0 0.543613707165109 0.2625994694960212 0.029595015576323987 0.042440318302387266
0 0.8917445482866043 0.20291777188328913 0.014018691588785047 0.09283819628647215
0 0.8944704049844237 0.10212201591511937 0.0132398753894081 0.08222811671087533
0 0.8360591900311527 0.15251989389920426 0.0132398753894081 0.09814323607427056
0 0.8383956386292835 0.03713527851458886 0.010124610591900311 0.06896551724137931
0 0.9271806853582555 0.5278514588859416 0.031931464174454825 0.05305039787798409
0 0.8672118380062306 0.6671087533156499 0.030373831775700934 0.07161803713527852
0 0.3348909657320872 0.629973474801061 0.03115264797507788 0.04509283819628647
0 0.3707165109034268 0.6273209549071618 0.029595015576323987 0.03978779840848806
0 0.4310747663551402 0.6220159151193634 0.027258566978193146 0.03978779840848806
0 0.4645638629283489 0.6246684350132626 0.027258566978193146 0.03978779840848806
0 0.5019470404984424 0.6312997347480106 0.02570093457943925 0.04774535809018567
0 0.5424454828660437 0.6419098143236074 0.031931464174454825 0.04774535809018567
0 0.5771028037383178 0.6485411140583555 0.024922118380062305 0.04509283819628647
0 0.6195482866043613 0.6538461538461539 0.027258566978193146 0.04509283819628647
0 0.6464174454828661 0.6578249336870027 0.018691588785046728 0.042440318302387266
0 0.6756230529595015 0.6684350132625995 0.031931464174454825 0.04774535809018567
0 0.7161214953271028 0.6763925729442971 0.02881619937694704 0.04774535809018567
0 0.7866043613707165 0.6909814323607427 0.02336448598130841 0.04509283819628647