0 0.13395638629283488 0.5305039787798409 0.017133956386292833 0.09549071618037135
0 0.2219626168224299 0.363395225464191 0.020249221183800622 0.11140583554376658
0 0.32398753894080995 0.5185676392572944 0.03426791277258567 0.06631299734748011
0 0.1261682242990654 0.8779840848806366 0.014018691588785047 0.09018567639257294
0 0.09890965732087227 0.04376657824933687 0.01557632398753894 0.08753315649867374
0 0.02453271028037383 0.5026525198938993 0.031931464174454825 0.04509283819628647
0 0.4131619937694704 0.29045092838196285 0.031931464174454825 0.04509283819628647
0 0.42445482866043616 0.23474801061007958 0.029595015576323987 0.03978779840848806
0 0.3886292834890966 0.22679045092838196 0.0264797507788162 0.03978779840848806
0 0.35085669781931467 0.21883289124668434 0.02881619937694704 0.04509283819628647
0 0.7375389408099688 0.3090185676392573 0.03426791277258567 0.050397877984084884
0 0.698208722741433 0.2891246684350133 0.027258566978193146 0.04774535809018567
0 0.6246105919003115 0.34350132625994695 0.029595015576323987 0.04509283819628647
0 0.4968847352024922 0.3620689655172414 0.029595015576323987 0.04509283819628647
0 0.6580996884735203 0.27984084880636606 0.028037383177570093 0.04509283819628647
0 0.6265576323987538 0.27718832891246686 0.024143302180685357 0.03978779840848806
0 0.594626168224299 0.27320954907161804 0.030373831775700934 0.042440318302387266
0 0.5486760124610592 0.2612732095490716 0.02881619937694704 0.03978779840848806
0 0.8979750778816199 0.20159151193633953 0.014018691588785047 0.09018567639257294
0 0.9007009345794392 0.10344827586206896 0.014797507788161994 0.08488063660477453
0 0.8419003115264797 0.15119363395225463 0.012461059190031152 0.10079575596816977
0 0.844626168224299 0.03580901856763926 0.011682242990654205 0.06631299734748011
0 0.8407320872274143 0.6273209549071618 0.030373831775700934 0.03978779840848806
0 0.33917445482866043 0.6286472148541115 0.031931464174454825 0.042440318302387266
0 0.37461059190031154 0.6246684350132626 0.03115264797507788 0.03978779840848806
0 0.4349688473520249 0.6193633952254642 0.027258566978193146 0.03978779840848806
0 0.46845794392523366 0.623342175066313 0.02881619937694704 0.042440318302387266
0 0.5062305295950156 0.6286472148541115 0.0264797507788162 0.04774535809018567
0 0.5471183800623053 0.6392572944297082 0.03348909657320872 0.04774535809018567
0 0.580607476635514 0.6472148541114059 0.02570093457943925 0.04774535809018567
0 0.6230529595015576 0.6525198938992043 0.0264797507788162 0.03713527851458886
0 0.6510903426791277 0.656498673740053 0.018691588785046728 0.04509283819628647
0 0.6791277258566978 0.6631299734748011 0.03271028037383177 0.042440318302387266
0 0.721183800623053 0.6737400530503979 0.03115264797507788 0.04774535809018567
0 0.7924454828660437 0.6909814323607427 0.024143302180685357 0.04509283819628647