0 0.13356697819314642 0.3116710875331565 0.016355140186915886 0.10344827586206896
0 0.23792834890965733 0.6923076923076923 0.01791277258566978 0.10610079575596817
0 0.2850467289719626 0.5809018567639257 0.03115264797507788 0.10079575596816977
0 0.13123052959501558 0.8793103448275862 0.016355140186915886 0.09283819628647215
0 0.02764797507788162 0.5026525198938993 0.031931464174454825 0.03978779840848806
0 0.4532710280373832 0.2984084880636605 0.03271028037383177 0.050397877984084884
0 0.42990654205607476 0.23607427055702918 0.029595015576323987 0.042440318302387266
0 0.39369158878504673 0.22811671087533156 0.027258566978193146 0.042440318302387266
0 0.35669781931464173 0.22281167108753316 0.029595015576323987 0.04774535809018567
0 0.743380062305296 0.3116710875331565 0.03348909657320872 0.05570291777188329
0 0.7028816199376947 0.29310344827586204 0.027258566978193146 0.04509283819628647
0 0.6985981308411215 0.37002652519893897 0.029595015576323987 0.050397877984084884
0 0.5560747663551402 0.3753315649867374 0.029595015576323987 0.04509283819628647
0 0.6639408099688473 0.2838196286472148 0.02881619937694704 0.042440318302387266
0 0.6308411214953271 0.27984084880636606 0.024922118380062305 0.03978779840848806
0 0.5996884735202492 0.27586206896551724 0.029595015576323987 0.042440318302387266
0 0.5533489096573209 0.2625994694960212 0.02881619937694704 0.042440318302387266
0 0.8469626168224299 0.15384615384615385 0.0132398753894081 0.09549071618037135
0 0.8500778816199377 0.03713527851458886 0.011682242990654205 0.06896551724137931
0 0.8208722741433022 0.6246684350132626 0.03115264797507788 0.04509283819628647
0 0.3438473520249221 0.6312997347480106 0.031931464174454825 0.042440318302387266
0 0.3796728971962617 0.6273209549071618 0.031931464174454825 0.03978779840848806
0 0.44042056074766356 0.6220159151193634 0.027258566978193146 0.034482758620689655
0 0.4742990654205608 0.6246684350132626 0.028037383177570093 0.03978779840848806
0 0.5105140186915887 0.6339522546419099 0.02881619937694704 0.042440318302387266
0 0.551791277258567 0.6432360742705571 0.03348909657320872 0.04509283819628647
0 0.5856697819314641 0.6485411140583555 0.0264797507788162 0.04509283819628647
0 0.6288940809968847 0.6578249336870027 0.027258566978193146 0.03713527851458886
0 0.6557632398753894 0.6578249336870027 0.020249221183800622 0.04774535809018567
0 0.6838006230529595 0.6684350132625995 0.03426791277258567 0.042440318302387266
0 0.7270249221183801 0.6777188328912467 0.031931464174454825 0.04509283819628647
0 0.7963395638629284 0.6949602122015915 0.024143302180685357 0.042440318302387266
0 0.015186915887850467 0.43103448275862066 0.030373831775700934 0.050397877984084884