0 0.13551401869158877 0.6153846153846154 0.017133956386292833 0.10079575596816977
0 0.21651090342679127 0.2440318302387268 0.020249221183800622 0.10610079575596817
0 0.3415109034267913 0.513262599469496 0.035046728971962614 0.0610079575596817
0 0.125 0.8806366047745358 0.014797507788161994 0.08488063660477453
0 0.0985202492211838 0.05570291777188329 0.014797507788161994 0.09018567639257294
0 0.02336448598130841 0.5026525198938993 0.03271028037383177 0.04509283819628647
0 0.40186915887850466 0.2891246684350133 0.03115264797507788 0.042440318302387266
0 0.42406542056074764 0.23474801061007958 0.030373831775700934 0.04509283819628647
0 0.3870716510903427 0.22679045092838196 0.0264797507788162 0.04509283819628647
0 0.3492990654205608 0.22015915119363394 0.030373831775700934 0.04774535809018567
0 0.735981308411215 0.3103448275862069 0.03426791277258567 0.05305039787798409
0 0.6966510903426791 0.2891246684350133 0.027258566978193146 0.042440318302387266
0 0.6024143302180686 0.33819628647214856 0.030373831775700934 0.050397877984084884
0 0.4797507788161994 0.3594164456233422 0.029595015576323987 0.03978779840848806
0 0.6573208722741433 0.28116710875331563 0.028037383177570093 0.042440318302387266
0 0.6257788161993769 0.27718832891246686 0.024143302180685357 0.03978779840848806
0 0.5934579439252337 0.27453580901856767 0.029595015576323987 0.03978779840848806
0 0.5478971962616822 0.2625994694960212 0.02881619937694704 0.042440318302387266
0 0.8968068535825545 0.20159151193633953 0.014797507788161994 0.09018567639257294
0 0.8995327102803738 0.10212201591511937 0.014018691588785047 0.08222811671087533
0 0.8399532710280374 0.15384615384615385 0.0132398753894081 0.09549071618037135
0 0.8438473520249221 0.03580901856763926 0.010124610591900311 0.06631299734748011
0 0.8473520249221184 0.6326259946949602 0.03115264797507788 0.04509283819628647
0 0.338006230529595 0.6286472148541115 0.03271028037383177 0.042440318302387266
0 0.3734423676012461 0.623342175066313 0.030373831775700934 0.03713527851458886
0 0.434190031152648 0.6206896551724138 0.027258566978193146 0.042440318302387266
0 0.4672897196261682 0.6246684350132626 0.028037383177570093 0.03978779840848806
0 0.5050623052959502 0.6286472148541115 0.02570093457943925 0.04774535809018567
0 0.5463395638629284 0.6405835543766578 0.031931464174454825 0.04509283819628647
0 0.5798286604361371 0.6472148541114059 0.02570093457943925 0.04774535809018567
0 0.6222741433021807 0.6551724137931034 0.0264797507788162 0.042440318302387266
0 0.6499221183800623 0.656498673740053 0.019470404984423675 0.04509283819628647
0 0.6783489096573209 0.6644562334217506 0.03271028037383177 0.03978779840848806
0 0.7200155763239875 0.6763925729442971 0.030373831775700934 0.04774535809018567
0 0.7908878504672897 0.6923076923076923 0.024143302180685357 0.04774535809018567