0 0.7246884735202492 0.553050397877984 0.031931464174454825 0.050397877984084884
0 0.12110591900311526 0.8859416445623343 0.011682242990654205 0.09018567639257294
0 0.04127725856697819 0.2546419098143236 0.0264797507788162 0.05305039787798409
0 0.09657320872274143 0.10477453580901856 0.01557632398753894 0.09814323607427056
0 0.02219626168224299 0.5092838196286472 0.02881619937694704 0.03713527851458886
0 0.24961059190031154 0.7055702917771883 0.014797507788161994 0.10079575596816977
0 0.21690031152647976 0.5185676392572944 0.016355140186915886 0.09814323607427056
0 0.3372274143302181 0.27984084880636606 0.03115264797507788 0.04509283819628647
0 0.4147196261682243 0.24005305039787797 0.030373831775700934 0.04509283819628647
0 0.37772585669781933 0.22944297082228116 0.024922118380062305 0.04509283819628647
0 0.34034267912772587 0.22413793103448276 0.029595015576323987 0.04509283819628647
0 0.7246884735202492 0.3129973474801061 0.031931464174454825 0.04774535809018567
0 0.6853582554517134 0.29310344827586204 0.0264797507788162 0.04509283819628647
0 0.3878504672897196 0.2917771883289125 0.028037383177570093 0.042440318302387266
0 0.3543613707165109 0.33819628647214856 0.028037383177570093 0.04509283819628647
0 0.6464174454828661 0.2838196286472148 0.024922118380062305 0.042440318302387266
0 0.6148753894080997 0.28116710875331563 0.02570093457943925 0.042440318302387266
0 0.5841121495327103 0.27718832891246686 0.029595015576323987 0.03978779840848806
0 0.5385514018691588 0.26657824933687 0.030373831775700934 0.03978779840848806
0 0.8839563862928349 0.20291777188328913 0.012461059190031152 0.08753315649867374
0 0.8855140186915887 0.10610079575596817 0.012461059190031152 0.07957559681697612
0 0.6137071651090342 0.38992042440318303 0.03115264797507788 0.04774535809018567
0 0.721183800623053 0.4336870026525199 0.0264797507788162 0.04509283819628647
0 0.8220404984423676 0.48143236074270557 0.035046728971962614 0.05570291777188329
0 0.947429906542056 0.5543766578249337 0.03348909657320872 0.058355437665782495
0 0.8672118380062306 0.6790450928381963 0.027258566978193146 0.07427055702917772
0 0.33060747663551404 0.6339522546419099 0.030373831775700934 0.042440318302387266
0 0.36721183800623053 0.6312997347480106 0.027258566978193146 0.042440318302387266
0 0.4264018691588785 0.6259946949602122 0.02570093457943925 0.042440318302387266
0 0.4591121495327103 0.6286472148541115 0.027258566978193146 0.04774535809018567
0 0.49727414330218067 0.6352785145888594 0.024143302180685357 0.04509283819628647
0 0.5377725856697819 0.6432360742705571 0.030373831775700934 0.04509283819628647
0 0.572429906542056 0.6525198938992043 0.02336448598130841 0.04774535809018567
0 0.6152647975077882 0.656498673740053 0.024922118380062305 0.03978779840848806
0 0.6417445482866043 0.6591511936339522 0.018691588785046728 0.03978779840848806
0 0.6713395638629284 0.6684350132625995 0.029595015576323987 0.042440318302387266
0 0.7118380062305296 0.6777188328912467 0.029595015576323987 0.04509283819628647
0 0.7823208722741433 0.6949602122015915 0.022585669781931463 0.042440318302387266